/*--------------------------------*- C++ -*----------------------------------*\
| =========                 |                                                 |
| \\      /  F ield         | OpenFOAM: The Open Source CFD Toolbox           |
|  \\    /   O peration     | Version:  2112                                  |
|   \\  /    A nd           | Website:  www.openfoam.com                      |
|    \\/     M anipulation  |                                                 |
\*---------------------------------------------------------------------------*/
FoamFile
{
    version     2.0;
    format      ascii;
    arch        "LSB;label=32;scalar=64";
    class       faceSet;
    location    "constant/polyMesh/sets";
    object      INTERF1;
}
// * * * * * * * * * * * * * * * * * * * * * * * * * * * * * * * * * * * * * //


2732
(
278528
278529
278530
278531
278532
278533
278534
278535
278536
278537
278538
278539
278540
278541
278542
278543
278544
278545
278546
278547
278548
278549
278550
278551
278552
278553
278554
278555
278556
278557
278558
278559
278560
278561
278562
278563
278564
278565
278566
278567
278568
278569
278570
278571
278572
278573
278574
278575
278576
278577
278578
278579
278580
278581
278582
278583
278584
278585
278586
278587
278588
278589
278590
278591
278592
278593
278594
278595
278596
278597
278598
278599
278600
278601
278602
278603
278604
278605
278606
278607
278608
278609
278610
278611
278612
278613
278614
278615
278616
278617
278618
278619
278620
278621
278622
278623
278624
278625
278626
278627
278628
278629
278630
278631
278632
278633
278634
278635
278636
278637
278638
278639
278640
278641
278642
278643
278644
278645
278646
278647
278648
278649
278650
278651
278652
278653
278654
278655
278656
278657
278658
278659
278660
278661
278662
278663
278664
278665
278666
278667
278668
278669
278670
278671
278672
278673
278674
278675
278676
278677
278678
278679
278680
278681
278682
278683
278684
278685
278686
278687
278688
278689
278690
278691
278692
278693
278694
278695
278696
278697
278698
278699
278700
278701
278702
278703
278704
278705
278706
278707
278708
278709
278710
278711
278712
278713
278714
278715
278716
278717
278718
278719
278720
278721
278722
278723
278724
278725
278726
278727
278728
278729
278730
278731
278732
278733
278734
278735
278736
278737
278738
278739
278740
278741
278742
278743
278744
278745
278746
278747
278748
278749
278750
278751
278752
278753
278754
278755
278756
278757
278758
278759
278760
278761
278762
278763
278764
278765
278766
278767
278768
278769
278770
278771
278772
278773
278774
278775
278776
278777
278778
278779
278780
278781
278782
278783
278784
278785
278786
278787
278788
278789
278790
278791
278792
278793
278794
278795
278796
278797
278798
278799
278800
278801
278802
278803
278804
278805
278806
278807
278808
278809
278810
278811
278812
278813
278814
278815
278816
278817
278818
278819
278820
278821
278822
278823
278824
278825
278826
278827
278828
278829
278830
278831
278832
278833
278834
278835
278836
278837
278838
278839
278840
278841
278842
278843
278844
278845
278846
278847
278848
278849
278850
278851
278852
278853
278854
278855
278856
278857
278858
278859
278860
278861
278862
278863
278864
278865
278866
278867
278868
278869
278870
278871
278872
278873
278874
278875
278876
278877
278878
278879
278880
278881
278882
278883
278884
278885
278886
278887
278888
278889
278890
278891
278892
278893
278894
278895
278896
278897
278898
278899
278900
278901
278902
278903
278904
278905
278906
278907
278908
278909
278910
278911
278912
278913
278914
278915
278916
278917
278918
278919
278920
278921
278922
278923
278924
278925
278926
278927
278928
278929
278930
278931
278932
278933
278934
278935
278936
278937
278938
278939
278940
278941
278942
278943
278944
278945
278946
278947
278948
278949
278950
278951
278952
278953
278954
278955
278956
278957
278958
278959
278960
278961
278962
278963
278964
278965
278966
278967
278968
278969
278970
278971
278972
278973
278974
278975
278976
278977
278978
278979
278980
278981
278982
278983
278984
278985
278986
278987
278988
278989
278990
278991
278992
278993
278994
278995
278996
278997
278998
278999
279000
279001
279002
279003
279004
279005
279006
279007
279008
279009
279010
279011
279012
279013
279014
279015
279016
279017
279018
279019
279020
279021
279022
279023
279024
279025
279026
279027
279028
279029
279030
279031
279032
279033
279034
279035
279036
279037
279038
279039
279040
279041
279042
279043
279044
279045
279046
279047
279048
279049
279050
279051
279052
279053
279054
279055
279056
279057
279058
279059
279060
279061
279062
271197
271198
271199
271200
271201
271202
271203
271204
271205
271206
271207
271208
271209
271210
271211
271212
271213
271214
271215
271216
271217
271218
271219
271220
271221
271222
271223
271224
271225
271226
271227
271228
271229
271230
271231
271232
271233
271234
271235
271236
271237
271238
271239
271240
271241
271242
271243
271244
271245
271246
271247
271248
271249
271250
271251
271252
271253
271254
271255
271256
271257
271258
271259
271260
271261
271262
271263
271264
271265
271266
271267
271268
271269
271270
271271
271272
271273
271274
271275
271276
271277
271278
271279
271280
271281
271282
271283
271284
271285
271286
271287
271288
271289
271290
271291
271292
271293
271294
271295
271296
271297
271298
271299
271300
271301
271302
271303
271304
271305
271306
271307
271308
271309
271310
271311
271312
271313
271314
271315
271316
271317
271318
271319
271320
271321
271322
271323
271324
271325
271326
271327
271328
271329
271330
271331
271332
271333
271334
271335
271336
271337
271338
271339
271340
271341
271342
271343
271344
271345
271346
271347
271348
271349
271350
271351
271352
271353
271354
271355
271356
271357
271358
271359
271360
271361
271362
271363
271364
271365
271366
271367
271368
271369
271370
271371
271372
271373
271374
271375
271376
271377
271378
271379
271380
271381
271382
271383
271384
271385
271386
271387
271388
271389
271390
271391
271392
271393
271394
271395
271396
271397
271398
271399
271400
271401
271402
271403
271404
271405
271406
271407
271408
271409
271410
271411
271412
271413
271414
271415
271416
271417
271418
271419
271420
271421
271422
271423
271424
271425
271426
271427
271428
271429
271430
271431
271432
271433
271434
271435
271436
271437
271438
271439
271440
271441
271442
271443
271444
271445
271446
271447
271448
271449
271450
271451
271452
271453
271454
271455
271456
271457
271458
271459
271460
271461
271462
271463
271464
271465
271466
271467
271468
271469
271470
271471
271472
271473
271474
271475
271476
271477
271478
271479
271480
271481
271482
271483
271484
271485
271486
271487
271488
271489
271490
271491
271492
271493
271494
271495
271496
271497
271498
271499
271500
271501
271502
271503
271504
271505
271506
271507
271508
271509
271510
271511
271512
271513
271514
271515
271516
271517
271518
271519
271520
271521
271522
271523
271524
271525
271526
271527
271528
271529
271530
271531
271532
271533
271534
271535
271536
271537
271538
271539
271540
271541
271542
271543
271544
271545
271546
271547
271548
271549
271550
271551
271552
271553
271554
271555
271556
271557
271558
271559
271560
271561
271562
271563
271564
271565
271566
271567
271568
271569
271570
271571
271572
271573
271574
271575
271576
271577
271578
271579
271580
271581
271582
271583
271584
271585
271586
271587
271588
271589
271590
271591
271592
271593
271594
271595
271596
271597
271598
271599
271600
271601
271602
271603
271604
271605
271606
271607
271608
271609
271610
271611
271612
271613
271614
271615
271616
271617
271618
271619
271620
271621
271622
271623
271624
271625
271626
271627
271628
271629
271630
271631
271632
271633
271634
271635
271636
271637
271638
271639
271640
271641
271642
271643
271644
271645
271646
271647
271648
271649
271650
271651
271652
271653
271654
271655
271656
271657
271658
271659
271660
271661
271662
271663
271664
271665
271666
271667
271668
271669
271670
271671
271672
271673
271674
271675
271676
271677
271678
271679
271680
271681
271682
271683
271684
271685
271686
271687
271688
271689
271690
271691
271692
271693
271694
271695
271696
271697
271698
271699
271700
271701
271702
271703
271704
271705
271706
271707
271708
271709
271710
271711
271712
271713
271714
271715
271716
271717
271718
271719
271720
271721
271722
271723
271724
271725
271726
271727
271728
271729
271730
271731
271732
271733
271734
271735
271736
271737
271738
271739
271740
271741
271742
271743
271744
271745
271746
271747
271748
271749
271750
271751
271752
271753
271754
271755
271756
271757
271758
271759
271760
271761
271762
271763
271764
271765
271766
271767
271768
271769
271770
271771
271772
271773
271774
271775
271776
271777
271778
271779
271780
271781
271782
271783
271784
271785
271786
271787
271788
271789
271790
271791
271792
271793
271794
271795
271796
271797
271798
271799
271800
271801
271802
271803
271804
271805
271806
271807
271808
271809
271810
271811
271812
271813
271814
271815
271816
271817
271818
271819
271820
271821
271822
271823
271824
271825
271826
271827
271828
271829
271830
271831
271832
271833
271834
271835
271836
271837
271838
271839
271840
271841
271842
271843
271844
271845
271846
271847
271848
271849
271850
271851
271852
271853
271854
271855
271856
271857
271858
271859
271860
271861
271862
271863
271864
271865
271866
271867
271868
271869
271870
271871
271872
271873
271874
271875
271876
271877
271878
271879
271880
271881
271882
271883
271884
271885
271886
271887
271888
271889
271890
271891
271892
271893
271894
271895
271896
271897
271898
271899
271900
271901
271902
271903
271904
271905
271906
271907
271908
271909
271910
271911
271912
271913
271914
271915
271916
271917
271918
271919
271920
271921
271922
271923
271924
271925
271926
271927
271928
271929
271930
271931
271932
271933
271934
271935
271936
271937
271938
271939
271940
271941
271942
271943
271944
271945
271946
271947
271948
271949
271950
271951
271952
271953
271954
271955
271956
271957
271958
271959
271960
271961
271962
271963
271964
271965
271966
271967
271968
271969
271970
271971
271972
271973
271974
271975
271976
271977
271978
271979
271980
271981
271982
271983
271984
271985
271986
271987
271988
271989
271990
271991
271992
271993
271994
271995
271996
271997
271998
271999
272000
272001
272002
272003
272004
272005
272006
272007
272008
272009
272010
272011
272012
272013
272014
272015
272016
272017
272018
272019
272020
272021
272022
272023
272024
272025
272026
272027
272028
272029
272030
272031
272032
272033
272034
272035
272036
272037
272038
272039
272040
272041
272042
272043
272044
272045
272046
272047
272048
272049
272050
272051
272052
272053
272054
272055
272056
272057
272058
272059
272060
272061
272062
272063
272064
272065
272066
272067
272068
272069
272070
272071
272072
272073
272074
272075
272076
272077
272078
272079
272080
272081
272082
272083
272084
272085
272086
272087
272088
272089
272090
272091
272092
272093
272094
272095
272096
272097
272098
272099
272100
272101
272102
272103
272104
272105
272106
272107
272108
272109
272110
272111
272112
272113
272114
272115
272116
272117
272118
272119
272120
272121
272122
272123
272124
272125
272126
272127
272128
272129
272130
272131
272132
272133
272134
272135
272136
272137
272138
272139
272140
272141
272142
272143
272144
272145
272146
272147
272148
272149
272150
272151
272152
272153
272154
272155
272156
272157
272158
272159
272160
272161
272162
272163
272164
272165
272166
272167
272168
272169
272170
272171
272172
272173
272174
272175
272176
272177
272178
272179
272180
272181
272182
272183
272184
272185
272186
272187
272188
272189
272190
272191
272192
272193
272194
272195
272196
272197
272198
272199
272200
272201
272202
272203
272204
272205
272206
272207
272208
272209
272210
272211
272212
272213
272214
272215
272216
272217
272218
272219
272220
272221
272222
272223
272224
272225
272226
272227
272228
272229
272230
272231
272232
272233
272234
272235
272236
272237
272238
272239
272240
272241
272242
272243
272244
272245
272246
272247
272248
272249
272250
272251
272252
272253
272254
272255
272256
272257
272258
272259
272260
272261
272262
272263
272264
272265
272266
272267
272268
272269
272270
272271
272272
272273
272274
272275
272276
272277
272278
272279
272280
272281
272282
272283
272284
272285
272286
272287
272288
272289
272290
272291
272292
272293
272294
272295
272296
272297
272298
272299
272300
272301
272302
272303
272304
272305
272306
272307
272308
272309
272310
272311
272312
272313
272314
272315
272316
272317
272318
272319
272320
272321
272322
272323
272324
272325
272326
272327
272328
272329
272330
272331
272332
272333
272334
272335
272336
272337
272338
272339
272340
272341
272342
272343
272344
272345
272346
272347
272348
272349
272350
272351
272352
272353
272354
272355
272356
272357
272358
272359
272360
272361
272362
272363
272364
272365
272366
272367
272368
272369
272370
272371
272372
272373
272374
272375
272376
272377
272378
272379
272380
272381
272382
272383
272384
272385
272386
272387
272388
272389
272390
272391
272392
272393
272394
272395
272396
272397
272398
272399
272400
272401
272402
272403
272404
272405
272406
272407
272408
272409
272410
272411
272412
272413
272414
272415
272416
272417
272418
272419
272420
272421
272422
272423
272424
272425
272426
272427
272428
272429
272430
272431
272432
272433
272434
272435
272436
272437
272438
272439
272440
272441
272442
272443
272444
272445
272446
272447
272448
272449
272450
272451
272452
272453
272454
272455
272456
272457
272458
272459
272460
272461
272462
272463
272464
272465
272466
272467
272468
272469
272470
272471
272472
272473
272474
272475
272476
272477
272478
272479
272480
272481
272482
272483
272484
272485
272486
272487
272488
272489
272490
272491
272492
272493
272494
272495
272496
272497
272498
272499
272500
272501
272502
272503
272504
272505
272506
272507
272508
272509
272510
272511
272512
272513
272514
272515
272516
272517
272518
272519
272520
272521
272522
272523
272524
272525
272526
272527
272528
272529
272530
272531
272532
272533
272534
272535
272536
272537
272538
272539
272540
272541
272542
272543
272544
272545
272546
272547
272548
272549
272550
272551
272552
272553
272554
272555
272556
272557
272558
272559
272560
272561
272562
272563
272564
272565
272566
272567
272568
272569
272570
272571
272572
272573
272574
272575
272576
272577
272578
272579
272580
272581
272582
272583
272584
272585
272586
272587
272588
272589
272590
272591
272592
272593
272594
272595
272596
272597
272598
272599
272600
272601
272602
272603
272604
272605
272606
272607
272608
272609
272610
272611
272612
272613
272614
272615
272616
272617
272618
272619
272620
272621
272622
272623
272624
272625
272626
272627
272628
272629
272630
272631
272632
272633
272634
272635
272636
272637
272638
272639
272640
272641
272642
272643
272644
272645
272646
272647
272648
272649
272650
272651
272652
272653
272654
272655
272656
272657
272658
272659
272660
272661
272662
272663
272664
272665
272666
272667
272668
272669
272670
272671
272672
272673
272674
272675
272676
272677
272678
272679
272680
272681
272682
272683
272684
272685
272686
272687
272688
272689
272690
272691
272692
272693
272694
272695
272696
272697
272698
272699
272700
272701
272702
272703
272704
272705
272706
272707
272708
272709
272710
272711
272712
272713
272714
272715
272716
272717
272718
272719
272720
272721
272722
272723
272724
272725
272726
272727
272728
272729
272730
272731
272732
272733
272734
272735
272736
272737
272738
272739
272740
272741
272742
272743
272744
272745
272746
272747
272748
272749
272750
272751
272752
272753
272754
272755
272756
272757
272758
272759
272760
272761
272762
272763
272764
272765
272766
272767
272768
272769
272770
272771
272772
272773
272774
272775
272776
272777
272778
272779
272780
272781
272782
272783
272784
272785
272786
272787
272788
272789
272790
272791
272792
272793
272794
272795
272796
272797
272798
272799
272800
272801
272802
272803
272804
272805
272806
272807
272808
272809
272810
272811
272812
272813
272814
272815
272816
272817
272818
272819
272820
272821
272822
272823
272824
272825
272826
272827
272828
272829
272830
272831
272832
272833
272834
272835
272836
272837
272838
272839
272840
272841
272842
272843
272844
272845
272846
272847
272848
272849
272850
272851
272852
272853
272854
272855
272856
272857
272858
272859
272860
272861
272862
272863
272864
272865
272866
272867
272868
272869
272870
272871
272872
272873
272874
272875
272876
272877
272878
272879
272880
272881
272882
272883
272884
272885
272886
272887
272888
272889
272890
272891
272892
272893
272894
272895
272896
272897
272898
272899
272900
272901
272902
272903
272904
272905
272906
272907
272908
272909
272910
272911
272912
272913
272914
272915
272916
272917
272918
272919
272920
272921
272922
272923
272924
272925
272926
272927
272928
272929
272930
272931
272932
272933
272934
272935
272936
272937
272938
272939
272940
272941
272942
272943
272944
272945
272946
272947
272948
272949
272950
272951
272952
272953
272954
272955
272956
272957
272958
272959
272960
272961
272962
272963
272964
272965
272966
272967
272968
272969
272970
272971
272972
272973
272974
272975
272976
272977
272978
272979
272980
272981
272982
272983
272984
272985
272986
272987
272988
272989
272990
272991
272992
272993
272994
272995
272996
272997
272998
272999
273000
273001
273002
273003
273004
273005
273006
273007
273008
273009
273010
273011
273012
273013
273014
273015
273016
273017
273018
273019
273020
273021
273022
273023
273024
273025
273026
273027
273028
273029
273030
273031
273032
273033
273034
278169
278170
278171
278172
278173
278174
278175
278176
278177
278178
278179
278180
278181
278182
278183
278184
278185
278186
278187
278188
278189
278190
278191
278192
278193
278194
278195
278196
278197
278198
278199
278200
278201
278202
278203
278204
278205
278206
278207
278208
278209
278210
278211
278212
278213
278214
278215
278216
278217
278218
278219
278220
278221
278222
278223
278224
278225
278226
278227
278228
278229
278230
278231
278232
278233
278234
278235
278236
278237
278238
278239
278240
278241
278242
278243
278244
278245
278246
278247
278248
278249
278250
278251
278252
278253
278254
278255
278256
278257
278258
278259
278260
278261
278262
278263
278264
278265
278266
278267
278268
278269
278270
278271
278272
278273
278274
278275
278276
278277
278278
278279
278280
278281
278282
278283
278284
278285
278286
278287
278288
278289
278290
278291
278292
278293
278294
278295
278296
278297
278298
278299
278300
278301
278302
278303
278304
278305
278306
278307
278308
278309
278310
278311
278312
278313
278314
278315
278316
278317
278318
278319
278320
278321
278322
278323
278324
278325
278326
278327
278328
278329
278330
278331
278332
278333
278334
278335
278336
278337
278338
278339
278340
278341
278342
278343
278344
278345
278346
278347
278348
278349
278350
278351
278352
278353
278354
278355
278356
278357
278358
278359
278360
278361
278362
278363
278364
278365
278366
278367
278368
278369
278370
278371
278372
278373
278374
278375
278376
278377
278378
278379
278380
278381
278382
278383
278384
278385
278386
278387
278388
278389
278390
278391
278392
278393
278394
278395
278396
278397
278398
278399
278400
278401
278402
278403
278404
278405
278406
278407
278408
278409
278410
278411
278412
278413
278414
278415
278416
278417
278418
278419
278420
278421
278422
278423
278424
278425
278426
278427
278428
278429
278430
278431
278432
278433
278434
278435
278436
278437
278438
278439
278440
278441
278442
278443
278444
278445
278446
278447
278448
278449
278450
278451
278452
278453
278454
278455
278456
278457
278458
278459
278460
278461
278462
278463
278464
278465
278466
278467
278468
278469
278470
278471
278472
278473
278474
278475
278476
278477
278478
278479
278480
278481
278482
278483
278484
278485
278486
278487
278488
278489
278490
278491
278492
278493
278494
278495
278496
278497
278498
278499
278500
278501
278502
278503
278504
278505
278506
278507
278508
278509
278510
278511
278512
278513
278514
278515
278516
278517
278518
278519
278520
278521
278522
278523
278524
278525
278526
278527
)


// ************************************************************************* //
