/*--------------------------------*- C++ -*----------------------------------*\
| =========                 |                                                 |
| \\      /  F ield         | OpenFOAM: The Open Source CFD Toolbox           |
|  \\    /   O peration     | Version:  2112                                  |
|   \\  /    A nd           | Website:  www.openfoam.com                      |
|    \\/     M anipulation  |                                                 |
\*---------------------------------------------------------------------------*/
FoamFile
{
    version     2.0;
    format      ascii;
    arch        "LSB;label=32;scalar=64";
    class       faceSet;
    location    "constant/polyMesh/sets";
    object      INTERF2;
}
// * * * * * * * * * * * * * * * * * * * * * * * * * * * * * * * * * * * * * //


1710
(
286720
286721
286722
286723
286724
286725
286726
286727
286728
286729
286730
286731
286732
286733
286734
286735
286736
286737
286738
286739
286740
286741
286742
286743
286744
286745
286746
286747
286748
286749
286750
286751
286752
286753
286754
286755
286756
286757
286758
286759
286760
286761
286762
286763
286764
286765
286766
286767
286768
286769
286770
286771
286772
286773
286774
286775
286776
286777
286778
286779
286780
286781
286782
286783
286784
286785
286786
286787
286788
286789
286790
286791
286792
286793
286794
286795
286796
286797
286798
286799
286800
286801
286802
286803
286804
286805
286806
286807
286808
286809
286810
286811
286812
286813
286814
286815
286816
286817
286818
286819
286820
286821
286822
286823
286824
286825
286826
286827
286828
286829
286830
286831
286832
286833
286834
286835
286836
286837
286838
286839
286840
286841
286842
286843
286844
286845
286846
286847
286848
286849
286850
286851
286852
286853
286854
286855
286856
286857
286858
286859
286860
286861
286862
286863
286864
286865
286866
286867
286868
286869
286870
286871
286872
286873
286874
286875
286876
286877
286878
286879
286880
286881
286882
286883
286884
286885
286886
286887
286888
286889
286890
286891
286892
286893
286894
286895
286896
286897
286898
286899
286900
286901
286902
286903
286904
286905
286906
286907
286908
286909
286910
286911
286912
286913
286914
286915
286916
286917
286918
286919
286920
286921
286922
286923
286924
286925
286926
286927
286928
286929
286930
286931
286932
286933
286934
286935
286936
286937
286938
286939
286940
286941
286942
286943
286944
286945
286946
286947
286948
286949
286950
286951
286952
286953
286954
286955
286956
286957
286958
286959
286960
286961
286962
286963
286964
286965
286966
286967
286968
286969
286970
286971
286972
286973
286974
286975
286976
286977
286978
286979
286980
286981
286982
286983
286984
286985
286986
286987
286988
286989
286990
286991
286992
286993
286994
286995
286996
286997
286998
286999
287000
287001
287002
287003
287004
287005
287006
287007
287008
287009
287010
287011
287012
287013
287014
287015
287016
287017
287018
287019
287020
287021
287022
287023
287024
287025
287026
287027
287028
287029
287030
287031
287032
287033
287034
287035
287036
287037
287038
287039
287040
287041
287042
287043
287044
287045
287046
287047
287048
287049
287050
287051
287052
287053
287054
287055
287056
287057
287058
287059
287060
287061
287062
287063
287064
287065
287066
287067
287068
287069
287070
287071
287072
287073
287074
287075
287076
287077
287078
287079
287080
287081
287082
287083
287084
287085
287086
287087
287088
287089
287090
287091
287092
287093
287094
287095
287096
287097
287098
287099
287100
287101
287102
287103
287104
287105
287106
287107
287108
287109
287110
287111
287112
287113
287114
287115
287116
287117
287118
287119
287120
287121
287122
287123
287124
287125
287126
287127
287128
287129
287130
287131
287132
287133
287134
287135
287136
287137
287138
287139
287140
287141
287142
287143
287144
287145
287146
287147
287148
287149
287150
287151
287152
287153
287154
287155
287156
287157
287158
287159
287160
287161
287162
287163
287164
287165
287166
287167
287168
287169
287170
287171
287172
287173
287174
287175
287176
287177
287178
287179
287180
287181
287182
287183
287184
287185
287186
287187
287188
287189
287190
287191
287192
287193
287194
287195
287196
287197
287198
287199
287200
287201
287202
287203
287204
287205
287206
287207
287208
287209
287210
287211
287212
287213
287214
287215
287216
287217
287218
287219
287220
287221
287222
287223
287224
287225
287226
287227
287228
287229
287230
287231
287232
287233
287234
287235
287236
287237
287238
287239
287240
287241
287242
287243
287244
287245
287246
287247
287248
287249
287250
287251
287252
287253
287254
287255
287256
287257
287258
287259
287260
287261
287262
287263
287264
287265
287266
287267
287268
287269
287270
287271
287272
287273
287274
287275
287276
287277
287278
287279
287280
287281
287282
287283
287284
287285
287286
287287
287288
287289
287290
287291
287292
287293
287294
287295
287296
287297
287298
287299
287300
287301
287302
287303
287304
287305
287306
287307
287308
287309
287310
287311
287312
287313
287314
287315
287316
287317
287318
287319
287320
287321
287322
287323
287324
287325
287326
287327
287328
287329
287330
287331
287332
287333
287334
287335
287336
287337
287338
287339
287340
287341
287342
287343
287344
287345
287346
287347
287348
287349
287350
287351
287352
287353
287354
287355
287356
287357
287358
287359
287360
287361
287362
287363
287364
287365
287366
273035
273036
273037
273038
273039
273040
273041
273042
273043
273044
273045
273046
273047
273048
273049
273050
273051
273052
273053
273054
273055
273056
273057
273058
273059
273060
273061
273062
273063
273064
273065
273066
273067
273068
273069
273070
273071
273072
273073
273074
273075
273076
273077
273078
273079
273080
273081
273082
273083
273084
273085
273086
273087
273088
273089
273090
273091
273092
273093
273094
273095
273096
273097
273098
273099
273100
273101
273102
273103
273104
273105
273106
273107
273108
273109
273110
273111
273112
273113
273114
273115
273116
273117
273118
273119
273120
273121
273122
273123
273124
273125
273126
273127
273128
273129
273130
273131
273132
273133
273134
273135
273136
273137
273138
273139
273140
273141
273142
273143
273144
273145
273146
273147
273148
273149
273150
273151
273152
273153
273154
273155
273156
273157
273158
273159
273160
273161
273162
273163
273164
273165
273166
273167
273168
273169
273170
273171
273172
273173
273174
273175
273176
273177
273178
273179
273180
273181
273182
273183
273184
273185
273186
273187
273188
273189
273190
273191
273192
273193
273194
273195
273196
273197
273198
273199
273200
273201
273202
273203
273204
273205
273206
273207
273208
273209
273210
273211
273212
273213
273214
273215
273216
273217
273218
273219
273220
273221
273222
273223
273224
273225
273226
273227
273228
273229
273230
273231
273232
273233
273234
273235
273236
273237
273238
273239
273240
273241
273242
273243
273244
273245
273246
273247
273248
273249
273250
273251
273252
273253
273254
273255
273256
273257
273258
273259
273260
273261
273262
273263
273264
273265
273266
273267
273268
273269
273270
273271
273272
273273
273274
273275
273276
273277
273278
273279
273280
273281
273282
273283
273284
273285
273286
273287
273288
273289
273290
273291
273292
273293
273294
273295
273296
273297
273298
273299
273300
273301
273302
273303
273304
273305
273306
273307
273308
273309
273310
273311
273312
273313
273314
273315
273316
273317
273318
273319
273320
273321
273322
273323
273324
273325
273326
273327
273328
273329
273330
273331
273332
273333
273334
273335
273336
273337
273338
273339
273340
273341
273342
273343
273344
273345
273346
273347
273348
273349
273350
273351
273352
273353
273354
273355
273356
273357
273358
273359
273360
273361
273362
273363
273364
273365
273366
273367
273368
273369
273370
273371
273372
273373
273374
273375
273376
273377
273378
273379
273380
273381
273382
273383
273384
273385
273386
273387
273388
273389
273390
273391
273392
273393
273394
273395
273396
273397
273398
273399
273400
273401
273402
273403
273404
273405
273406
273407
273408
273409
273410
273411
273412
273413
273414
273415
273416
273417
273418
273419
273420
273421
273422
273423
273424
273425
273426
273427
273428
273429
273430
273431
273432
273433
273434
273435
273436
273437
273438
273439
273440
273441
273442
273443
273444
273445
273446
273447
273448
273449
273450
273451
273452
273453
273454
273455
273456
273457
273458
273459
273460
273461
273462
273463
273464
273465
273466
273467
273468
273469
273470
273471
273472
273473
273474
273475
273476
273477
273478
273479
273480
273481
273482
273483
273484
273485
273486
273487
273488
273489
273490
273491
273492
273493
273494
273495
273496
273497
273498
273499
273500
273501
273502
273503
273504
273505
273506
273507
273508
273509
273510
273511
273512
273513
273514
273515
273516
273517
273518
273519
273520
273521
273522
273523
273524
273525
273526
273527
273528
273529
273530
273531
273532
273533
273534
273535
273536
273537
273538
273539
273540
273541
273542
273543
273544
273545
273546
273547
273548
273549
273550
273551
273552
273553
273554
273555
273556
273557
273558
273559
273560
273561
273562
273563
273564
273565
273566
273567
273568
273569
273570
273571
273572
273573
273574
273575
273576
273577
273578
273579
273580
273581
273582
273583
273584
273585
273586
273587
273588
273589
273590
273591
273592
273593
273594
273595
273596
273597
273598
273599
273600
273601
273602
273603
273604
273605
273606
273607
273608
273609
273610
273611
273612
273613
273614
273615
273616
273617
273618
273619
273620
273621
273622
273623
273624
273625
273626
273627
273628
273629
273630
273631
273632
273633
273634
273635
273636
273637
273638
273639
273640
273641
273642
273643
273644
273645
273646
273647
273648
273649
273650
273651
273652
273653
273654
273655
273656
273657
273658
273659
273660
273661
273662
273663
273664
273665
273666
273667
273668
273669
273670
273671
273672
273673
273674
273675
273676
273677
273678
273679
273680
273681
273682
273683
273684
273685
273686
273687
273688
273689
273690
273691
273692
273693
273694
273695
273696
273697
273698
273699
273700
273701
273702
273703
273704
273705
273706
273707
273708
273709
273710
273711
273712
273713
273714
273715
273716
273717
273718
273719
273720
273721
273722
273723
273724
273725
273726
273727
273728
273729
273730
273731
273732
273733
273734
273735
273736
273737
273738
273739
273740
273741
273742
273743
273744
273745
273746
273747
273748
273749
273750
273751
273752
273753
273754
273755
273756
273757
273758
273759
273760
273761
273762
273763
273764
273765
273766
273767
273768
273769
273770
273771
273772
273773
273774
273775
273776
273777
273778
273779
273780
273781
273782
273783
273784
273785
273786
273787
273788
273789
273790
273791
273792
273793
273794
273795
273796
273797
273798
273799
273800
273801
273802
273803
273804
273805
273806
273807
273808
273809
273810
273811
273812
273813
273814
273815
273816
273817
273818
273819
273820
273821
273822
273823
273824
273825
273826
273827
273828
273829
273830
273831
273832
273833
273834
273835
273836
273837
273838
273839
273840
273841
273842
273843
273844
273845
273846
273847
273848
273849
273850
273851
273852
273853
273854
273855
273856
273857
273858
273859
273860
273861
273862
273863
273864
273865
273866
273867
273868
273869
273870
273871
273872
273873
273874
273875
273876
273877
273878
273879
273880
273881
273882
273883
273884
273885
273886
273887
273888
273889
273890
273891
273892
273893
273894
273895
273896
273897
273898
273899
273900
273901
273902
273903
273904
273905
273906
273907
273908
273909
273910
273911
273912
273913
273914
273915
273916
273917
273918
273919
273920
273921
273922
273923
273924
273925
273926
273927
273928
273929
273930
273931
273932
273933
273934
273935
273936
273937
273938
273939
273940
273941
273942
273943
273944
273945
273946
273947
273948
273949
273950
273951
273952
273953
273954
286577
286578
286579
286580
286581
286582
286583
286584
286585
286586
286587
286588
286589
286590
286591
286592
286593
286594
286595
286596
286597
286598
286599
286600
286601
286602
286603
286604
286605
286606
286607
286608
286609
286610
286611
286612
286613
286614
286615
286616
286617
286618
286619
286620
286621
286622
286623
286624
286625
286626
286627
286628
286629
286630
286631
286632
286633
286634
286635
286636
286637
286638
286639
286640
286641
286642
286643
286644
286645
286646
286647
286648
286649
286650
286651
286652
286653
286654
286655
286656
286657
286658
286659
286660
286661
286662
286663
286664
286665
286666
286667
286668
286669
286670
286671
286672
286673
286674
286675
286676
286677
286678
286679
286680
286681
286682
286683
286684
286685
286686
286687
286688
286689
286690
286691
286692
286693
286694
286695
286696
286697
286698
286699
286700
286701
286702
286703
286704
286705
286706
286707
286708
286709
286710
286711
286712
286713
286714
286715
286716
286717
286718
286719
)


// ************************************************************************* //
